# components number: 9

# current component: 0
# E: 0.07422564823097622 ; D: 0.2531868877527289 ; st_dev: 0.5031767957216716

# current component: 1
# E: 0.08389120230819055 ; D: 0.2234191437671644 ; st_dev: 0.47267234292601085

# current component: 2
# E: 0.07155792574436581 ; D: 0.22843970054316368 ; st_dev: 0.477953659409742

# current component: 3
# E: -0.2303524564070927 ; D: 0.49312455916916464 ; st_dev: 0.7022282813794704

# current component: 4
# E: -0.22744673828519898 ; D: 0.48195114817849716 ; st_dev: 0.6942270148722947

# current component: 5
# E: -0.22248926478206996 ; D: 0.4680451632506287 ; st_dev: 0.6841382632557754

# current component: 6
# E: 0.1335879782815033 ; D: 0.40036584678807025 ; st_dev: 0.6327446932120966

# current component: 7
# E: 0.1531698159681053 ; D: 0.4393101566145804 ; st_dev: 0.6628047650813778

# current component: 8
# E: 0.1638558889412205 ; D: 0.4663012528588652 ; st_dev: 0.6828625431658009
# components number: 9
# EE: (must be zero values): -1.4988010832439614E-17, -6.616929226765933E-17, 1.1990408665951691E-16, -7.549516567451065E-17, -1.9367840664585855E-16, 4.218847493575595E-17, 1.5543122344752193E-17, -7.149836278586008E-17, -1.7874590696465021E-16, 
cov_mtx:
Matrix{
1.0000000000000002	0.7269157635116328	0.7086851703246645	-0.34126838713189617	-0.3165108144269173	-0.3791040187990276	-0.2254519034095879	-0.23542714717039961	-0.24610293634335137	
0.7269157635116328	0.9999999999999996	0.7068904765927648	-0.39156764200521255	-0.3486465950839583	-0.3908769854770833	-0.1991010586243121	-0.18318119510629371	-0.21158461922825725	
0.7086851703246645	0.7068904765927648	1.0000000000000002	-0.31908793077364345	-0.3058961665156195	-0.36697169991394607	-0.24243034032833383	-0.2609740541177514	-0.2267081138557851	
-0.34126838713189617	-0.39156764200521255	-0.31908793077364345	0.9999999999999997	0.8630881732465323	0.8595888549888994	-0.6984734578086829	-0.7005703356592801	-0.6939574231735078	
-0.3165108144269173	-0.3486465950839583	-0.3058961665156195	0.8630881732465323	1.0000000000000009	0.8496246683807296	-0.707886317806891	-0.724138558744142	-0.7079582830798693	
-0.3791040187990276	-0.3908769854770833	-0.36697169991394607	0.8595888549888994	0.8496246683807296	1.0000000000000007	-0.6701680477761411	-0.6730513946372171	-0.6685719832317263	
-0.2254519034095879	-0.1991010586243121	-0.24243034032833383	-0.6984734578086829	-0.707886317806891	-0.6701680477761411	1.0	0.8562043086687474	0.8253351142461847	
-0.23542714717039961	-0.18318119510629371	-0.2609740541177514	-0.7005703356592801	-0.724138558744142	-0.6730513946372171	0.8562043086687474	1.0000000000000002	0.8498829515445956	
-0.24610293634335137	-0.21158461922825725	-0.2267081138557851	-0.6939574231735078	-0.7079582830798693	-0.6685719832317263	0.8253351142461847	0.8498829515445956	0.999999999999999	
}

cov_mtx_2:
Matrix{
1.0000000000000002	0.7269157635116328	0.7086851703246645	-0.34126838713189617	-0.3165108144269173	-0.3791040187990276	-0.2254519034095879	-0.23542714717039961	-0.24610293634335137	
0.7269157635116328	0.9999999999999996	0.7068904765927648	-0.39156764200521255	-0.3486465950839583	-0.3908769854770833	-0.1991010586243121	-0.18318119510629371	-0.21158461922825725	
0.7086851703246645	0.7068904765927648	1.0000000000000002	-0.31908793077364345	-0.3058961665156195	-0.36697169991394607	-0.24243034032833383	-0.2609740541177514	-0.2267081138557851	
-0.34126838713189617	-0.39156764200521255	-0.31908793077364345	0.9999999999999997	0.8630881732465323	0.8595888549888994	-0.6984734578086829	-0.7005703356592801	-0.6939574231735078	
-0.3165108144269173	-0.3486465950839583	-0.3058961665156195	0.8630881732465323	1.0000000000000009	0.8496246683807296	-0.707886317806891	-0.724138558744142	-0.7079582830798693	
-0.3791040187990276	-0.3908769854770833	-0.36697169991394607	0.8595888549888994	0.8496246683807296	1.0000000000000007	-0.6701680477761411	-0.6730513946372171	-0.6685719832317263	
-0.2254519034095879	-0.1991010586243121	-0.24243034032833383	-0.6984734578086829	-0.707886317806891	-0.6701680477761411	1.0	0.8562043086687474	0.8253351142461847	
-0.23542714717039961	-0.18318119510629371	-0.2609740541177514	-0.7005703356592801	-0.724138558744142	-0.6730513946372171	0.8562043086687474	1.0000000000000002	0.8498829515445956	
-0.24610293634335137	-0.21158461922825725	-0.2267081138557851	-0.6939574231735078	-0.7079582830798693	-0.6685719832317263	0.8253351142461847	0.8498829515445956	0.999999999999999	
}

# decompose debug:
!!! eigenVector sum : 1.0000000000000002 : [-0.07181183242753066, -0.09019039349919132, -0.06523049319944609, 0.4228719552711468, 0.4244898007344661, 0.4161623284652452, -0.3865934275758984, -0.3904317316708305, -0.3851739294713616]
!!! eigenVector sum : 1.0000000000000009 : [-0.5125178148882954, -0.5065619412704652, -0.5086890466987889, 0.12767977247986645, 0.10895322557994663, 0.14902691394175835, 0.23703029456822022, 0.2404799464452219, 0.23991670829252262]
!!! eigenVector sum : 1.0000000000000009 : [-0.31827374746802367, -0.46948336279221226, 0.7894929262231907, 0.07709036756669536, -0.017847502141689207, -0.0778659251440026, -0.0295578846904713, -0.11872511773259598, 0.16641583652624473]
!!! eigenVector sum : 1.0000000000000004 : [0.7386568232611604, -0.6483184823499074, -0.10677053142222066, 0.0705766323444183, 0.004033970285478846, -0.10006643626009205, 0.07004522213797626, -0.050895774081843974, -0.012726269452345784]
!!! eigenVector sum : 1.0000000000000004 : [-0.08553891970426139, -0.026298751921308688, 0.12321123417256777, 3.587362021406221E-4, 0.038155088332809506, -0.015877729134817404, 0.704094479437494, 0.011926689006252798, -0.69225077610072]
!!! eigenVector sum : 0.9999999999999999 : [-0.04276188439175241, 0.07781008035386511, -0.07496319244985913, -0.12559572123818583, 0.7085095102912277, -0.5802916731930838, 0.13577791565324213, -0.28834534508108567, 0.1744144909792855]
!!! eigenVector sum : 0.9999999999999992 : [0.04853227964898609, -0.025019844347326212, -0.003927307500416602, -0.5648707823833267, 0.029920918262428195, 0.5392898041709008, 0.26377034391587834, -0.5076208912738138, 0.2427790824327247]
!!! eigenVector sum : 0.9999999999999994 : [-0.021357415690936025, 0.14991898656658992, -0.12381650689432082, 0.562438090222262, -0.4046450349772158, -0.1587355349185964, 0.29818423092674373, -0.5521762914690845, 0.25030772808274143]
!!! eigenVector sum : 1.000000000000001 : [-0.27073873449155816, -0.2543255433100995, -0.2571672024513999, -0.3778401505025361, -0.37353499814474944, -0.3681066559229349, -0.34045389007018034, -0.3566279781557469, -0.36742024342207474]
# pca debug: 
[4.820499472711295, 3.0143329761337094, 0.30642614473233254, 0.27565279294799455, 0.17185035008928945, 0.14908058325320692, 0.13823000980196884, 0.12392767033020331, 0.0]
# eigen 0:
4.820499472711295
[-0.07181183242753066, -0.09019039349919132, -0.06523049319944609, 0.4228719552711468, 0.4244898007344661, 0.4161623284652452, -0.3865934275758984, -0.3904317316708305, -0.3851739294713616]
# eigen 1:
3.0143329761337094
[-0.5125178148882954, -0.5065619412704652, -0.5086890466987889, 0.12767977247986645, 0.10895322557994663, 0.14902691394175835, 0.23703029456822022, 0.2404799464452219, 0.23991670829252262]

# components number: 2
# EE: (must be zero values): 1.2168044349891717E-16, -1.0480505352461477E-16, 
cov_mtx_pca_mtx:
Matrix{
4.820499472711296	-3.4794389591752405E-16	
-3.4794389591752405E-16	3.0143329761337108	
}

# components number: 2

# current component: 0
# E: 1.2168044349891717E-16 ; D: 4.820499472711296 ; st_dev: 2.1955635888562406

# current component: 1
# E: -1.0480505352461477E-16 ; D: 3.0143329761337108 ; st_dev: 1.7361834511749359
# components number: 2
# EE: (must be zero values): -3.7969627442180357E-17, -4.440892098500626E-18, 
cov_final_mtx:
Matrix{
1.0000000000000009	-9.281464485866308E-17	
-9.281464485866308E-17	1.0000000000000007	
}

